50
-1 100 53 81 85 54 53 89 92 11 34 27 6 85 8 80 93 77 4 8 86 20 97 69 7 59 57 30 85 57 7 63 56 11 43 40 64 96 80 8 6 65 34 11 50 93 91 94 70 46 
53 -1 7 66 49 75 24 59 31 53 43 39 11 5 46 74 100 86 89 95 17 96 52 82 81 63 83 74 5 28 95 50 81 1 67 81 27 90 40 10 95 34 48 57 91 46 82 90 83 71 
84 99 -1 66 87 32 99 49 66 72 5 94 18 7 74 18 73 6 96 15 45 5 61 31 5 69 21 50 51 10 32 21 45 82 38 31 66 36 32 31 59 88 24 76 94 49 45 19 55 41 
33 51 45 -1 45 81 1 13 1 50 63 62 33 35 58 67 73 41 32 60 72 62 19 59 38 94 5 86 91 23 40 31 7 43 27 51 23 28 15 24 29 30 37 62 64 95 80 88 35 11 
48 58 24 66 -1 68 61 11 72 47 1 94 38 83 100 80 10 2 3 37 17 78 65 46 66 78 61 60 57 49 46 19 48 3 43 13 71 3 75 42 1 28 88 91 10 39 70 71 41 24 
7 9 53 24 6 -1 71 1 66 30 10 66 28 28 13 30 70 77 52 25 52 46 77 31 33 67 92 23 89 63 63 64 21 23 69 44 28 39 97 94 20 6 59 47 85 24 29 7 100 80 
31 3 77 59 33 9 -1 78 77 32 66 91 46 81 11 69 49 7 48 39 3 41 59 60 52 5 44 75 33 50 74 65 32 77 41 91 61 2 20 37 85 37 27 30 17 90 50 18 96 98 
56 98 90 66 57 93 71 -1 52 67 55 2 93 19 33 21 12 75 81 13 94 70 97 30 48 78 99 37 80 16 84 77 23 33 18 89 89 11 59 41 77 65 94 21 36 78 41 47 53 74 
11 98 95 7 80 94 36 78 -1 83 15 93 66 43 15 99 61 55 39 71 65 31 99 30 24 20 65 2 12 63 6 37 73 55 31 79 34 25 66 11 59 81 55 24 23 22 74 83 76 13 
5 41 43 4 70 19 23 86 72 -1 86 48 29 23 20 83 53 50 17 29 15 27 39 95 82 63 70 3 36 4 30 48 9 70 43 12 39 13 86 76 84 71 23 12 93 42 46 98 43 62 
78 58 41 17 4 74 31 73 28 66 -1 29 57 66 37 27 60 100 17 72 85 93 7 7 15 70 52 9 15 1 51 29 78 8 69 46 64 42 28 88 21 46 16 77 63 52 3 22 3 72 
45 87 64 3 46 30 72 97 38 86 49 -1 41 14 78 100 34 24 63 27 51 51 47 96 66 24 58 70 78 31 72 49 27 11 12 29 8 94 100 56 31 38 4 23 51 81 23 37 4 85 
63 7 87 10 54 5 33 64 26 62 94 97 -1 11 21 59 74 1 18 67 1 73 50 38 76 72 40 57 94 76 12 31 39 70 69 100 76 73 84 39 98 45 84 47 55 56 57 29 57 75 
47 57 47 96 46 75 68 85 83 13 13 46 43 -1 51 68 12 2 43 36 85 81 86 29 64 32 36 72 40 16 28 66 62 84 65 58 29 39 77 65 73 89 77 18 32 79 85 95 80 27 
30 16 59 67 45 75 98 32 46 90 47 73 55 8 -1 8 19 17 88 57 93 52 29 34 81 99 17 59 83 11 91 62 92 6 20 59 2 46 8 33 91 97 31 63 52 39 22 70 7 9 
79 52 61 59 85 93 57 1 3 92 63 93 5 54 51 -1 76 64 4 22 72 89 12 20 19 27 71 9 48 93 68 9 23 19 21 33 3 13 90 55 15 33 17 60 89 22 62 64 86 17 
37 9 5 49 28 76 27 51 36 26 95 3 34 17 21 54 -1 49 75 66 90 81 33 74 97 92 62 19 5 78 4 21 14 12 78 14 91 53 40 41 88 18 35 43 51 3 63 57 52 90 
22 93 70 6 19 19 49 80 37 53 9 92 74 23 55 51 36 -1 45 55 28 86 42 45 72 36 47 75 99 3 78 40 77 70 61 82 40 79 31 20 15 83 28 58 8 2 12 58 38 57 
64 17 94 58 61 65 93 7 39 43 10 16 82 86 38 43 19 77 -1 73 49 48 88 32 28 45 91 81 9 1 18 65 64 34 58 21 46 74 14 5 13 56 14 80 90 51 69 84 69 98 
56 70 45 95 53 24 92 43 5 100 43 74 16 7 60 73 79 57 46 -1 44 61 10 100 26 90 41 28 10 24 49 7 79 18 4 74 70 79 65 12 83 16 7 9 31 65 20 55 43 76 
52 87 37 62 38 14 3 78 42 12 1 90 71 31 7 74 56 28 52 72 -1 39 87 87 97 47 17 61 66 23 4 41 75 42 29 88 79 95 90 8 36 53 60 25 23 42 83 48 98 10 
52 69 100 38 8 97 84 76 57 1 99 12 41 73 53 22 60 83 16 1 42 -1 3 5 1 79 80 95 61 27 92 22 78 12 21 67 19 69 50 95 78 2 93 89 43 17 94 16 28 28 
83 28 70 85 32 22 63 11 16 75 90 59 48 19 71 20 86 89 89 87 35 66 -1 89 79 6 83 47 51 98 74 79 32 53 100 68 37 21 82 99 89 56 88 47 55 7 69 74 44 10 
14 30 44 31 18 75 37 100 21 87 49 47 65 32 99 16 99 35 37 80 86 77 87 -1 73 75 41 31 44 67 74 53 80 4 48 11 73 22 99 25 95 85 25 41 2 57 91 69 7 78 
5 39 63 33 25 87 8 18 18 51 36 43 3 15 98 50 77 23 24 27 47 18 64 23 -1 58 17 79 100 85 38 77 42 76 39 74 52 78 81 69 47 83 4 89 85 71 39 87 99 61 
10 26 59 79 41 81 88 57 12 87 41 49 64 82 76 54 56 27 31 88 96 29 71 51 18 -1 7 73 8 45 24 68 6 1 26 84 41 58 23 97 69 10 37 69 25 71 44 30 26 23 
13 65 70 41 87 20 10 94 45 17 90 20 84 96 20 61 31 60 19 54 8 39 15 96 60 39 -1 66 55 20 43 77 32 8 46 25 46 18 34 91 14 51 81 33 86 28 52 47 58 63 
17 63 22 7 77 17 18 67 83 73 87 25 49 70 84 47 94 30 64 80 20 77 30 52 61 67 79 -1 12 65 89 26 33 51 47 40 28 15 9 46 97 81 32 74 82 54 9 80 99 90 
43 78 10 71 59 13 31 26 92 94 90 80 71 23 82 69 14 9 83 22 55 32 55 38 57 36 43 65 -1 67 42 55 9 19 16 31 78 28 13 3 71 6 44 2 28 66 84 96 79 44 
30 53 50 61 7 88 17 94 30 82 60 23 88 20 42 3 2 71 30 14 73 53 71 68 54 98 34 37 93 -1 64 33 22 16 82 35 74 69 51 67 51 84 78 73 71 49 66 25 50 36 
7 63 60 59 33 28 64 30 61 53 74 76 85 48 44 66 82 17 87 84 36 89 20 65 61 42 14 79 67 63 -1 14 25 78 74 83 10 1 98 92 13 50 17 40 34 64 83 52 97 100 
38 33 87 26 52 51 38 45 64 16 63 79 30 87 56 55 21 65 7 19 8 19 20 25 58 54 40 93 5 37 44 -1 94 21 30 19 24 80 56 68 96 24 83 74 53 69 81 7 42 97 
13 12 5 83 31 81 92 84 20 84 40 8 27 33 28 56 3 51 88 11 19 35 34 1 60 86 21 40 44 62 36 8 -1 25 40 42 56 20 33 91 92 69 31 99 95 15 27 3 70 77 
42 80 47 28 65 99 87 2 72 26 45 33 61 4 10 53 45 65 72 29 55 15 97 37 14 44 4 40 98 73 16 91 4 -1 15 18 68 13 4 69 84 29 65 69 41 68 78 93 64 42 
17 44 48 31 93 85 44 36 40 83 85 12 51 75 67 65 92 34 77 47 54 13 75 18 81 67 37 58 60 52 51 28 95 98 -1 58 87 34 54 74 73 88 58 36 38 84 2 54 27 87 
31 73 40 95 99 9 75 66 97 84 77 48 86 4 95 35 13 33 69 66 7 93 54 16 29 43 100 82 97 26 69 79 51 60 73 -1 49 69 99 66 65 34 42 65 19 97 59 53 62 91 
73 27 49 66 32 65 46 75 16 27 23 93 95 1 43 55 25 44 75 75 61 39 8 55 55 26 51 13 30 12 56 3 91 4 20 74 -1 20 65 100 87 43 22 32 38 74 26 44 50 69 
18 24 82 8 31 36 63 8 38 27 38 50 34 92 92 38 11 65 9 27 65 48 69 38 79 58 64 4 53 13 25 70 37 6 30 19 41 -1 44 27 78 70 64 79 4 7 22 93 17 87 
53 95 3 100 15 92 30 73 55 34 25 20 58 47 56 63 28 26 55 71 52 32 92 67 63 47 73 84 91 41 22 44 87 24 95 2 68 25 -1 26 22 10 2 41 67 48 48 81 75 74 
35 97 77 18 89 44 80 87 68 16 78 61 37 73 47 13 19 48 80 43 25 1 4 27 94 70 26 41 2 53 66 88 49 95 6 89 90 37 76 -1 57 52 5 17 41 77 16 53 95 15 
32 90 40 84 93 66 77 15 91 70 16 95 87 4 44 81 61 84 70 49 59 79 53 15 47 93 91 62 45 38 77 28 27 68 11 71 85 40 85 27 -1 61 53 22 47 8 65 80 20 48 
1 68 59 31 20 73 78 12 16 91 8 53 19 35 31 86 98 53 70 37 90 49 49 94 70 95 1 86 26 72 85 79 39 95 9 11 68 86 74 35 77 -1 82 39 95 68 21 33 65 73 
2 53 62 2 1 7 71 48 59 56 73 30 41 51 21 35 60 31 54 97 4 40 25 37 78 20 5 50 52 21 23 5 74 36 7 26 43 29 73 1 85 98 -1 83 77 100 3 63 11 33 
17 60 88 8 84 25 86 3 29 87 6 49 61 63 74 97 21 100 91 49 24 43 85 21 77 13 73 79 76 83 11 44 42 51 51 26 75 88 80 3 75 38 3 -1 35 52 77 83 72 28 
25 72 51 20 9 72 96 21 96 75 96 78 37 39 72 87 42 49 13 29 80 15 55 17 70 42 68 98 24 91 25 1 63 75 20 71 98 67 43 93 41 39 23 30 -1 29 94 68 70 94 
81 51 73 47 57 90 68 98 9 65 22 100 89 22 14 64 93 84 13 59 26 6 52 16 28 33 97 73 100 18 66 32 68 38 31 77 79 98 74 40 15 95 39 3 68 -1 4 18 12 39 
31 71 64 36 22 32 15 54 28 87 5 97 4 89 17 93 19 93 24 68 66 63 82 13 53 37 80 56 54 92 94 84 14 9 71 87 92 37 92 71 75 96 68 30 36 84 -1 23 54 76 
98 74 41 60 7 5 64 43 37 19 97 28 64 32 93 24 55 79 16 43 70 86 18 17 53 47 53 88 21 58 63 18 83 56 29 90 60 92 32 96 62 80 75 25 12 19 1 -1 18 97 
16 60 18 1 77 87 6 76 39 93 96 48 8 66 31 15 94 72 26 86 3 22 47 83 48 24 46 19 24 63 67 91 22 85 91 51 71 48 26 61 93 73 60 52 38 42 66 32 -1 13 
91 69 68 64 67 50 12 90 95 82 65 57 48 55 30 32 98 80 54 97 5 66 89 30 78 40 67 19 57 50 32 48 70 99 11 37 100 74 78 46 55 95 54 3 49 83 86 98 63 -1 