100
-1 56 16 72 62 26 98 72 26 10 45 49 87 71 59 19 61 57 35 33 18 24 5 19 66 53 10 10 25 48 98 98 55 13 70 17 91 67 40 68 28 84 68 14 6 78 33 66 34 67 50 3 42 54 73 8 58 83 69 82 82 18 32 37 83 1 5 73 19 44 92 46 79 12 11 36 89 43 2 75 61 3 29 55 57 2 14 14 36 82 48 17 100 79 5 82 31 9 6 49 
4 -1 49 94 34 60 56 70 1 51 71 75 11 25 3 17 81 56 30 47 91 12 46 60 63 76 16 44 6 77 49 6 80 97 51 14 9 6 83 9 56 5 83 67 29 37 35 62 45 65 60 35 28 57 46 90 32 62 33 89 38 33 94 17 81 44 82 89 49 16 49 5 72 83 23 53 20 57 14 64 73 25 50 100 81 96 41 64 9 73 52 46 57 97 14 90 40 96 78 40 
63 79 -1 44 35 61 18 87 32 75 52 47 99 76 97 51 8 44 91 71 52 16 74 49 72 70 62 61 61 9 91 100 72 69 96 58 29 13 44 61 39 47 59 38 74 55 88 81 50 78 3 53 45 28 53 17 49 15 29 9 75 19 8 98 39 55 55 20 68 50 32 6 96 90 95 69 97 34 1 46 64 3 51 8 82 3 24 30 69 5 38 44 75 98 93 14 52 48 85 71 
97 16 29 -1 45 57 75 13 53 9 14 51 72 68 1 31 50 55 55 79 24 11 69 19 85 66 63 50 69 10 34 40 59 49 20 3 6 94 15 10 2 80 60 25 48 12 56 49 67 62 27 42 72 95 12 56 12 74 58 81 84 91 72 94 92 91 96 49 84 62 58 38 42 18 62 41 81 17 89 47 30 67 88 1 62 51 9 25 25 66 5 60 8 28 53 99 18 100 47 54 
61 57 91 54 -1 26 4 46 6 73 86 5 2 53 92 55 66 95 15 90 19 80 95 78 87 22 82 38 92 81 36 45 93 92 87 99 69 42 44 75 14 82 79 68 34 22 22 99 16 36 88 34 67 34 63 5 56 44 94 99 24 30 95 69 73 81 67 42 74 62 16 88 43 46 7 76 67 28 26 35 15 14 20 33 47 35 89 54 78 83 52 54 64 98 22 36 30 40 77 4 
1 44 43 96 41 -1 49 23 60 28 49 94 42 62 65 26 60 99 14 66 29 48 69 82 11 67 55 47 96 94 75 99 46 71 41 93 63 89 16 22 16 64 67 9 77 32 86 88 82 100 53 10 99 22 91 10 88 97 8 83 42 34 34 40 56 26 32 19 15 99 92 82 62 59 43 90 42 28 78 23 79 30 85 78 51 27 39 90 24 98 25 65 31 58 56 87 83 88 57 49 
38 48 83 100 58 25 -1 41 99 4 18 74 35 48 58 64 50 84 2 40 59 99 64 76 81 73 31 19 55 70 75 56 8 23 38 59 32 14 99 31 17 17 4 3 16 13 66 65 96 67 56 55 17 19 30 98 91 12 16 98 82 91 53 89 65 42 47 48 55 97 78 23 13 33 78 28 45 43 45 93 10 100 99 78 71 80 75 13 91 43 10 24 85 14 12 1 7 10 48 13 
7 26 88 71 10 65 51 -1 7 7 47 99 68 98 49 46 68 28 72 33 70 14 94 94 98 8 57 98 66 19 46 79 77 23 66 47 32 30 49 38 88 95 88 56 93 36 1 12 15 72 44 85 38 38 30 35 97 86 33 14 56 78 92 32 100 9 31 83 38 79 21 78 26 8 33 70 44 85 33 10 8 29 94 45 18 23 80 14 61 12 79 16 41 71 100 92 79 30 74 69 
60 94 46 37 54 30 6 49 -1 14 91 58 21 19 4 66 36 26 97 1 38 60 79 6 100 1 5 43 80 34 16 100 45 62 45 82 15 74 39 63 39 29 20 59 99 23 76 34 1 72 86 90 31 65 95 82 65 51 24 96 36 92 95 81 53 91 14 67 16 52 29 54 33 100 65 83 75 92 69 75 16 54 16 98 18 11 80 35 61 55 30 97 46 77 29 98 67 42 64 83 
45 44 88 29 96 52 12 70 96 -1 80 96 11 85 11 8 55 73 39 89 86 94 70 34 39 46 62 89 13 55 4 47 99 100 86 80 95 90 43 64 85 74 59 95 58 21 2 12 94 93 100 79 86 70 12 76 15 25 64 79 79 20 77 29 19 63 8 13 4 50 76 88 23 86 34 81 6 87 44 51 79 44 29 64 65 92 92 31 16 7 62 46 26 38 75 44 52 34 8 55 
84 35 94 58 72 27 90 78 14 34 -1 28 92 29 9 8 93 100 99 75 68 5 36 13 83 26 39 78 29 73 86 84 56 72 29 65 44 56 55 21 21 40 100 12 68 8 71 12 60 69 86 27 26 74 91 60 99 30 37 27 2 74 62 9 98 43 73 41 98 79 13 18 18 12 81 85 72 52 96 83 72 34 61 49 7 51 60 57 32 49 35 33 22 49 93 19 91 66 11 88 
44 23 57 14 87 37 98 10 40 46 92 -1 64 31 52 12 37 54 24 93 86 72 79 70 93 27 63 64 17 28 74 56 23 49 12 36 35 1 86 96 40 31 87 55 61 90 19 49 43 42 93 80 13 71 50 5 50 12 20 66 91 46 22 65 46 85 1 32 85 38 27 77 20 13 31 32 54 49 80 48 90 24 28 2 46 29 59 95 92 30 61 34 75 34 98 72 18 50 3 3 
87 29 79 6 93 61 89 46 10 20 46 51 -1 43 73 53 89 53 63 35 44 92 95 77 19 80 26 90 98 76 93 52 14 21 82 20 14 42 60 11 3 80 56 54 22 80 58 62 32 20 97 27 11 43 55 81 23 81 71 72 8 15 23 21 35 4 92 100 97 52 63 100 31 18 53 4 50 62 66 33 81 14 12 43 56 66 24 30 98 46 1 5 60 23 26 94 78 17 46 75 
20 60 74 50 29 78 54 78 39 71 63 71 84 -1 74 13 91 39 36 21 89 33 21 93 92 96 70 38 73 39 83 99 58 42 72 8 70 1 13 100 91 83 62 61 18 35 26 8 25 13 28 65 46 1 10 37 48 79 74 20 17 8 71 27 49 42 34 71 95 98 22 85 32 35 98 49 69 23 56 45 35 36 10 80 36 19 17 35 49 42 54 18 50 24 44 50 18 29 72 64 
26 93 100 57 27 49 5 47 71 12 44 58 47 5 -1 37 34 75 5 68 23 47 74 40 48 49 35 97 18 63 69 33 40 61 33 48 40 81 52 38 4 16 81 61 14 85 49 100 59 6 67 34 4 92 25 51 93 60 47 10 74 15 43 14 28 27 61 19 59 65 56 62 32 89 74 45 73 23 44 84 28 63 69 31 54 93 81 98 52 27 8 78 94 2 91 73 80 3 91 38 
67 46 52 98 86 25 95 59 47 38 94 26 52 62 56 -1 58 6 88 55 10 67 14 87 12 67 77 84 46 31 74 36 50 71 87 47 57 11 93 67 10 31 12 35 34 25 43 91 30 82 46 39 48 59 77 59 26 5 42 23 36 67 58 85 90 96 83 46 59 76 64 68 58 27 54 91 51 96 82 32 30 79 23 77 37 99 88 14 4 81 89 39 48 46 75 89 94 57 86 52 
84 49 19 41 75 24 84 77 20 65 8 1 95 30 77 83 -1 29 64 97 84 97 37 74 44 34 48 84 27 56 69 78 40 17 48 80 43 72 63 19 43 79 78 43 73 8 71 56 88 87 4 23 83 40 96 78 73 95 61 52 50 29 29 89 97 29 21 91 100 35 61 94 66 38 36 90 97 6 97 84 92 100 58 74 91 53 51 16 99 63 67 49 91 47 89 39 75 61 29 26 
48 89 19 13 79 54 2 75 12 51 11 55 2 68 81 93 73 -1 83 60 71 46 78 71 88 24 60 27 51 72 7 28 19 96 47 31 74 52 85 100 15 87 10 70 88 78 50 32 2 32 91 72 77 20 43 17 96 54 43 46 25 49 73 44 96 71 26 21 23 62 21 37 48 82 58 36 59 7 67 12 91 10 84 19 29 78 35 24 31 29 21 55 78 46 50 25 16 28 46 90 
89 18 79 37 99 36 24 10 95 42 21 85 51 56 55 32 33 90 -1 55 15 18 28 70 47 73 71 24 40 98 69 82 39 38 60 75 36 47 98 97 93 39 18 77 42 25 32 73 58 73 79 72 42 6 93 89 30 16 12 22 13 32 55 51 21 14 77 8 12 26 5 5 17 22 33 58 98 16 82 55 40 60 79 82 18 71 22 99 86 85 72 51 68 26 1 88 91 30 95 55 
55 99 59 71 72 43 80 70 11 13 76 50 25 54 83 94 25 4 44 -1 62 40 16 12 7 41 65 46 84 94 41 38 100 91 48 23 15 42 54 36 52 67 11 54 91 65 36 84 41 92 27 2 31 94 66 90 87 30 35 70 75 27 7 74 70 6 48 84 47 2 19 99 68 81 4 10 45 39 45 37 82 23 91 65 17 8 54 3 37 40 24 63 67 82 88 36 87 36 71 33 
37 89 83 4 21 86 65 18 77 9 54 58 31 96 74 47 3 27 1 39 -1 19 24 53 37 5 41 24 43 76 94 76 64 34 58 19 54 96 83 71 72 91 77 81 21 72 55 20 75 33 72 65 51 48 18 87 4 10 10 47 37 55 74 100 40 83 18 94 78 100 16 49 42 92 30 14 64 36 85 90 68 57 54 19 56 23 57 59 32 19 57 20 25 30 19 65 65 88 58 42 
39 25 91 80 17 72 94 32 7 78 73 26 86 78 44 93 1 53 52 84 23 -1 60 4 47 42 74 11 6 62 20 99 100 45 89 32 13 12 25 96 70 54 68 96 92 97 91 84 97 43 87 33 65 47 88 64 40 61 74 97 74 46 95 26 90 36 57 54 47 33 1 69 38 20 64 29 16 54 13 65 49 99 97 65 97 84 28 36 96 54 32 22 99 79 47 40 14 55 93 60 
39 93 80 76 64 43 5 79 49 17 43 49 67 39 13 16 74 93 3 22 46 87 -1 43 96 65 41 35 78 47 27 89 85 71 69 60 34 11 16 64 11 84 7 59 51 97 24 66 71 68 20 44 65 6 86 60 70 78 94 47 24 72 36 8 94 4 19 79 66 35 42 77 18 100 87 20 97 62 37 19 81 57 14 45 62 99 56 32 28 1 78 51 72 65 10 17 68 80 95 86 
14 89 14 84 40 52 3 36 66 40 6 46 48 19 43 9 69 98 40 96 99 70 98 -1 22 34 59 39 54 39 85 91 4 25 4 87 65 7 42 52 72 33 10 70 80 80 12 88 49 9 80 96 59 49 46 81 34 4 71 39 94 7 81 98 32 36 36 96 43 29 99 14 61 8 83 40 88 46 80 88 55 11 35 65 59 80 97 44 84 67 35 77 74 15 26 57 51 62 52 93 
90 2 58 3 62 93 94 1 38 73 88 44 83 22 9 93 54 5 89 37 24 75 65 97 -1 89 91 53 91 4 56 35 45 9 45 47 70 37 41 70 26 65 9 70 48 83 30 92 36 86 32 24 9 6 88 57 95 30 61 37 33 68 72 78 77 68 24 46 4 16 68 29 81 28 50 80 10 79 71 45 65 3 68 25 8 8 82 54 37 42 43 70 10 66 99 38 33 22 35 88 
38 2 16 70 30 18 49 91 48 19 36 12 73 55 89 33 62 70 38 99 63 80 20 24 97 -1 18 61 29 91 96 16 28 49 84 49 30 1 97 21 48 16 8 12 40 14 100 24 76 21 62 26 35 93 45 59 90 62 71 70 52 18 86 32 19 69 80 100 21 77 72 20 44 31 31 35 45 82 59 20 54 72 45 89 16 41 99 5 2 21 75 5 91 12 88 9 32 20 8 52 
48 32 23 91 62 54 77 6 87 87 77 41 58 73 81 74 13 31 30 66 51 56 71 41 67 10 -1 1 50 29 61 1 76 92 24 18 53 29 95 11 67 33 87 59 43 60 91 68 72 21 97 90 24 5 12 16 23 21 69 73 50 29 25 77 72 100 95 76 80 41 86 47 73 25 5 67 84 48 34 7 68 83 96 43 87 7 11 9 80 79 33 29 59 58 57 30 57 51 5 37 
43 43 83 16 67 39 34 50 38 68 8 6 50 56 100 36 14 10 96 93 88 29 73 46 86 30 27 -1 94 32 32 30 75 26 64 42 92 55 75 93 92 42 100 49 43 7 1 78 21 10 26 65 50 6 38 47 43 19 74 36 50 57 18 76 34 33 17 25 39 44 17 83 85 68 83 28 75 83 57 47 45 34 11 94 39 100 92 81 18 17 69 20 25 86 95 58 70 64 82 9 
7 50 91 43 70 73 22 96 56 79 42 52 64 4 45 3 56 88 35 73 5 3 44 81 40 91 39 10 -1 54 72 70 12 74 60 54 43 84 76 90 91 6 31 42 69 86 38 23 41 26 58 66 82 12 9 62 4 99 52 13 4 76 82 15 49 93 21 43 76 48 32 67 53 14 8 73 99 46 48 92 23 5 57 4 68 17 17 71 68 69 35 71 44 16 38 44 60 58 86 36 
5 17 54 9 30 61 33 28 58 80 71 80 84 27 83 4 44 100 26 63 20 61 33 15 28 22 58 88 31 -1 43 23 87 11 76 47 40 88 80 19 46 59 90 25 95 16 60 98 11 11 23 73 30 83 58 96 63 31 5 50 62 47 24 100 9 51 47 48 38 26 66 35 84 7 60 78 23 19 27 85 29 50 10 10 84 19 57 46 49 61 47 62 59 70 62 67 20 60 14 10 
85 31 44 20 38 3 98 12 73 76 96 53 77 57 14 13 75 70 58 24 30 57 37 88 26 50 54 98 9 19 -1 7 45 2 50 65 39 5 14 50 77 89 97 82 66 6 47 78 80 17 87 55 98 43 92 38 21 41 43 18 2 62 24 46 63 73 10 53 29 75 2 6 64 50 39 81 55 85 10 87 53 48 41 51 43 84 88 63 77 30 80 78 43 55 23 5 79 85 57 8 
59 10 65 74 12 3 54 18 39 15 56 92 63 97 42 5 32 81 67 8 62 98 37 5 52 12 61 82 96 70 89 -1 6 31 53 80 42 55 33 12 46 100 67 37 62 15 30 66 99 10 84 6 71 33 95 75 36 6 88 17 1 57 6 6 87 58 37 81 65 22 92 62 21 10 98 82 25 27 99 23 88 34 80 58 66 74 85 1 31 72 69 31 80 74 89 66 84 77 46 100 
98 37 61 18 99 10 51 75 36 49 97 75 34 28 84 99 54 20 51 84 43 20 67 22 45 7 88 80 83 85 31 81 -1 74 43 98 72 52 49 46 39 49 94 65 83 21 49 33 74 68 36 10 11 7 76 84 51 82 71 83 16 8 65 96 81 8 46 52 11 46 97 2 94 90 66 28 62 14 13 88 34 48 97 96 54 24 79 4 57 2 38 72 9 3 68 89 62 13 92 24 
10 88 25 3 29 91 83 90 56 95 29 41 42 25 36 95 100 67 50 56 20 40 80 80 94 47 20 55 11 11 78 20 50 -1 55 74 78 45 8 19 52 2 100 45 43 24 32 89 76 98 91 31 69 30 10 48 23 8 67 77 70 29 6 41 78 60 67 7 56 74 78 60 76 77 4 70 52 35 59 27 85 1 10 5 30 71 53 4 31 71 32 100 100 37 93 29 49 59 88 4 
32 65 15 7 93 70 29 96 57 39 23 41 39 84 97 20 54 1 23 84 72 54 36 23 90 28 3 90 86 90 46 69 6 60 -1 76 50 30 56 46 86 94 20 78 32 3 26 51 56 27 73 92 98 78 79 72 67 6 74 9 43 16 54 11 73 13 38 23 94 93 20 31 86 39 60 69 41 86 71 48 12 95 39 61 72 17 32 39 74 57 99 16 72 52 79 45 16 16 19 10 
9 38 92 46 76 52 15 68 37 37 15 48 32 6 8 3 74 91 93 48 47 91 15 19 42 45 15 58 61 85 19 21 74 10 66 -1 49 61 32 16 49 69 82 48 52 87 7 54 13 97 47 12 44 37 78 14 31 23 80 88 83 64 6 55 37 67 72 37 80 4 4 28 24 37 76 75 76 82 80 88 31 26 99 74 63 76 39 45 98 18 32 32 33 89 86 21 7 58 9 86 
13 12 14 88 48 41 14 23 22 93 62 4 71 12 29 85 40 67 29 37 36 60 21 20 100 58 40 6 15 100 92 79 11 57 18 11 -1 97 31 85 70 76 99 74 46 10 2 30 49 21 58 38 56 69 58 76 68 67 67 73 34 19 16 12 81 72 30 91 68 12 28 90 87 26 63 32 87 16 13 36 36 70 25 92 38 34 19 57 100 37 30 33 55 97 97 36 21 26 78 40 
89 57 29 76 34 91 59 21 7 72 8 42 93 32 85 83 65 55 39 16 92 20 49 98 17 45 85 37 22 15 76 10 23 57 37 57 99 -1 48 29 57 71 88 51 63 71 35 45 87 42 84 2 85 55 2 82 71 46 19 59 19 85 87 81 7 43 17 63 41 64 43 98 86 30 48 49 100 34 45 86 75 80 88 59 35 89 93 57 87 11 16 5 95 54 37 53 96 54 16 88 
69 10 37 55 40 84 55 91 70 51 29 44 31 16 55 17 56 47 73 94 9 40 51 55 93 87 7 40 92 74 80 61 84 16 67 75 52 21 -1 65 21 23 93 16 53 60 70 21 68 16 46 13 76 85 63 30 30 2 37 21 93 10 100 53 93 16 71 19 19 91 36 39 14 28 6 18 40 76 39 59 43 84 71 19 20 86 48 1 87 84 22 79 46 73 84 90 40 54 9 58 
97 44 48 62 23 54 79 62 29 69 72 23 4 95 41 76 80 41 76 66 76 97 96 21 70 79 11 9 33 19 19 29 62 66 42 36 19 20 50 -1 99 41 21 74 96 15 14 71 94 6 47 11 82 95 7 2 16 37 12 77 69 82 47 49 95 12 90 31 83 62 80 33 54 100 6 49 67 72 72 12 77 70 75 10 16 81 12 32 17 75 60 38 9 6 38 3 69 28 33 51 
41 64 36 94 64 41 94 82 64 65 93 93 86 67 2 2 99 65 85 68 40 44 5 48 1 42 2 69 21 35 72 61 98 7 6 13 99 52 46 15 -1 68 91 7 54 57 60 55 8 25 39 75 16 34 31 15 34 24 16 54 45 2 25 57 100 83 15 64 34 66 10 48 33 100 54 86 8 13 92 67 37 30 41 4 63 23 18 48 47 34 2 43 35 78 99 86 61 13 50 94 
30 11 93 63 62 46 100 69 10 44 36 99 73 28 2 88 51 20 87 49 5 88 91 39 18 41 25 30 54 26 23 35 88 15 49 49 12 1 69 73 44 -1 56 71 68 84 25 55 86 44 94 86 48 33 76 38 50 16 62 79 21 39 53 56 26 19 56 74 82 56 95 55 99 50 25 67 85 1 73 70 44 66 7 43 99 82 81 100 50 94 31 22 85 83 29 10 54 85 36 35 
40 30 89 39 79 66 57 64 66 29 85 62 47 92 56 45 25 88 96 26 82 26 48 18 61 76 27 14 12 14 48 52 43 89 42 74 6 98 89 23 26 25 -1 84 72 68 92 68 45 79 64 70 12 41 69 29 1 97 56 14 8 21 14 59 16 2 100 89 59 97 29 81 75 53 17 98 21 8 66 65 86 81 86 98 21 55 26 74 51 33 87 58 54 100 69 21 53 68 9 63 
17 89 44 43 93 60 40 65 19 57 81 4 89 67 53 62 73 79 35 75 63 73 32 68 73 52 88 77 72 48 40 88 36 35 82 29 46 21 93 64 30 74 19 -1 18 92 72 79 64 2 65 38 64 38 21 32 62 73 19 90 96 67 81 35 54 15 16 34 60 88 27 75 17 52 94 87 95 17 17 10 18 34 99 33 71 19 16 32 43 35 21 38 53 2 24 58 68 39 92 80 
27 70 54 95 73 99 33 67 67 2 76 84 35 74 69 57 44 84 88 39 70 60 28 74 13 52 32 33 90 23 12 68 44 17 15 16 68 99 34 34 100 9 70 86 -1 34 90 42 77 73 81 67 43 41 95 16 5 46 99 37 87 73 100 7 16 69 21 83 88 71 16 21 23 76 42 8 9 31 50 38 4 30 4 98 22 50 65 79 95 64 67 34 88 67 40 4 87 12 86 74 
82 54 46 4 29 88 64 38 70 13 27 25 94 30 22 16 80 39 94 26 2 60 11 89 78 50 44 64 13 82 37 47 35 83 2 15 22 65 52 91 29 78 16 23 60 -1 89 90 91 27 35 68 80 94 79 21 24 80 16 39 93 49 28 91 83 62 92 98 83 57 1 25 37 31 92 59 42 33 48 84 59 82 51 91 28 81 63 3 61 30 41 5 79 20 95 61 81 38 10 15 
46 63 40 83 93 83 41 86 15 41 69 26 74 19 68 53 100 30 55 12 59 48 16 37 67 62 50 48 99 11 14 45 73 53 79 17 88 19 2 2 11 22 27 37 93 94 -1 89 44 75 96 55 34 43 22 22 9 83 23 8 33 34 22 29 58 26 7 75 13 78 28 67 88 50 93 24 42 39 65 37 13 60 91 98 2 64 20 62 98 42 22 30 27 95 11 85 20 17 59 85 
94 38 51 34 39 95 9 32 85 73 68 98 32 58 47 85 73 18 47 70 60 68 52 38 14 62 22 85 78 32 69 24 70 71 57 8 18 65 40 2 90 59 51 21 69 98 6 -1 41 15 4 11 26 23 62 64 36 23 37 20 52 69 41 75 90 63 83 49 80 100 40 34 89 99 36 9 67 85 66 7 52 69 69 77 91 30 92 26 4 81 46 8 49 38 34 90 100 17 38 32 
68 78 17 56 76 52 64 94 89 82 52 40 50 21 68 41 2 12 18 58 92 15 65 92 52 98 81 4 66 70 35 33 47 3 40 74 6 4 19 94 37 71 33 86 91 1 26 92 -1 12 44 49 55 10 65 46 62 15 78 65 32 47 51 65 46 53 4 71 58 59 90 52 95 12 36 33 2 36 58 45 99 53 46 53 15 10 50 76 24 27 92 56 26 42 72 23 46 27 93 55 
38 34 58 32 45 94 64 98 81 74 43 80 78 88 32 92 49 34 19 73 60 10 80 37 3 51 59 100 29 52 7 66 37 64 50 34 57 65 31 38 38 73 69 68 12 52 11 61 85 -1 82 85 97 43 64 33 46 66 92 97 94 95 3 12 31 67 61 64 75 25 95 64 15 19 84 34 31 36 44 43 20 25 27 16 68 90 49 65 7 92 13 52 86 16 63 16 34 23 80 60 
48 26 24 14 96 7 47 26 94 42 68 66 67 94 81 86 35 81 2 41 72 14 93 9 81 7 25 66 30 56 26 29 33 1 42 28 59 40 6 53 81 73 18 99 19 50 36 5 83 37 -1 98 6 3 42 15 35 48 39 1 29 46 26 57 78 78 50 57 36 89 62 88 70 35 5 20 5 7 56 61 89 92 58 94 46 51 8 81 99 98 33 27 43 10 36 72 87 37 29 22 
78 90 10 99 76 66 18 32 72 73 93 60 17 2 6 62 53 13 94 51 11 26 29 5 35 16 29 21 53 57 43 30 98 4 28 74 21 97 5 45 70 49 56 86 51 61 47 3 74 41 5 -1 36 18 33 92 53 1 20 25 5 76 67 34 74 22 13 99 43 9 55 39 30 4 94 15 54 55 14 8 28 6 12 15 23 96 6 27 48 26 52 52 53 70 37 78 44 1 76 38 
10 83 76 91 86 69 6 91 23 71 98 2 76 61 16 50 8 74 77 56 99 80 7 3 49 44 81 92 44 8 29 5 90 4 96 75 25 53 17 47 23 66 49 50 26 16 51 86 41 27 41 39 -1 6 99 94 7 42 74 50 38 81 31 94 23 86 41 97 10 93 66 9 67 31 57 68 9 24 19 94 65 97 34 55 55 84 100 61 26 73 62 15 6 92 8 28 78 49 76 39 
93 93 47 12 24 55 79 32 79 49 77 95 46 62 1 100 45 1 12 22 25 73 36 30 17 96 9 46 96 37 84 88 29 31 51 4 85 30 87 15 30 63 61 75 24 62 26 21 14 37 42 38 62 -1 30 20 30 25 28 75 20 16 58 59 45 40 10 48 77 91 35 91 20 49 4 47 25 65 72 45 30 61 38 67 74 67 38 3 91 18 29 62 33 38 73 29 78 34 29 54 
24 15 96 95 63 99 41 87 15 13 83 44 73 21 63 46 87 100 100 30 17 28 43 2 65 15 30 94 48 58 47 23 72 95 18 87 45 58 25 60 22 8 55 46 80 17 91 66 69 42 47 85 21 90 -1 86 86 4 68 31 4 77 30 26 1 24 43 87 68 53 11 27 74 70 34 20 49 50 62 67 18 4 65 55 76 54 92 61 10 11 92 13 88 21 90 88 96 33 74 63 
37 36 42 10 58 75 81 58 76 43 76 46 98 41 52 73 94 43 86 55 54 29 67 93 1 57 80 96 41 5 10 77 92 3 38 49 29 19 59 57 61 34 2 10 74 53 34 20 47 19 74 52 47 93 44 -1 99 1 75 94 93 79 56 69 23 10 58 23 39 76 81 95 88 67 48 49 92 52 83 11 50 1 37 2 100 81 97 98 81 24 44 73 2 99 93 24 8 50 47 98 
78 79 44 65 45 43 14 37 94 96 99 96 48 35 49 47 67 45 97 47 68 40 71 22 90 63 97 49 65 95 47 42 26 42 58 70 85 23 58 30 70 57 25 18 43 73 16 10 70 12 8 89 3 79 62 92 -1 93 59 41 57 5 39 50 30 80 8 52 16 82 9 46 52 17 22 21 12 95 88 73 16 52 80 56 54 10 18 98 3 28 38 11 32 76 13 14 7 72 17 23 
53 77 20 56 46 41 28 57 87 16 29 2 19 60 58 24 22 75 21 76 54 58 86 37 85 98 2 92 69 18 66 74 47 85 29 92 25 57 48 64 24 28 65 94 39 74 17 60 100 38 35 53 47 73 90 32 22 -1 43 75 91 61 40 16 7 76 44 98 52 52 97 15 27 76 32 20 66 5 89 26 5 26 12 9 72 84 50 55 6 93 29 48 5 20 63 11 95 58 60 99 
62 8 13 88 35 44 60 100 49 48 25 5 25 89 65 96 72 15 51 29 59 31 28 63 51 42 73 97 100 84 95 13 43 8 52 77 3 11 76 3 10 53 7 34 41 24 82 12 90 84 93 48 14 20 10 64 14 34 -1 13 65 69 7 77 11 66 28 87 69 91 62 71 100 66 30 86 6 5 19 70 94 2 62 41 15 33 50 31 46 35 43 10 3 1 38 13 67 66 51 87 
56 64 9 7 30 90 44 35 94 62 4 87 63 17 79 30 2 28 60 47 14 54 9 16 6 46 80 24 63 82 10 18 46 71 77 27 60 20 61 54 82 17 92 96 85 71 25 86 50 84 85 64 89 45 31 95 90 63 18 -1 53 44 80 22 89 50 50 67 9 70 80 14 3 96 58 98 32 28 75 18 29 10 54 44 99 98 75 93 39 37 62 91 32 41 65 73 90 14 39 51 
35 18 16 37 65 73 87 97 52 61 66 81 70 71 24 20 68 50 64 6 38 26 49 70 18 13 94 8 78 32 10 13 50 25 49 66 98 87 62 1 99 79 81 21 49 57 92 68 6 56 74 96 33 74 17 50 86 10 9 63 -1 41 18 75 42 43 76 8 92 14 21 44 65 52 25 85 100 33 76 20 90 83 93 85 15 66 1 65 3 10 73 17 3 43 44 96 37 71 55 80 
84 76 23 48 79 47 84 30 31 12 49 21 94 41 57 9 58 58 25 12 19 97 29 73 39 24 69 27 94 23 6 77 50 29 77 80 27 60 10 58 23 58 78 17 51 34 25 60 43 49 72 14 97 52 86 88 75 6 14 68 81 -1 20 96 82 48 72 62 74 84 71 83 6 28 12 74 30 46 98 90 40 98 61 5 47 64 43 34 38 48 99 57 80 18 52 62 17 76 75 43 
11 45 25 68 24 37 42 54 34 91 95 25 89 55 30 35 70 72 20 7 71 18 63 51 88 66 64 4 41 38 98 51 34 23 19 57 11 12 62 44 2 56 20 42 62 49 28 31 20 47 89 91 17 51 93 4 69 56 59 9 93 57 -1 12 26 31 82 34 41 93 48 36 46 55 55 88 17 56 15 99 75 14 88 17 30 90 9 33 58 16 43 19 8 99 30 85 29 63 71 21 
7 18 56 52 72 63 39 40 18 6 39 44 19 26 13 48 67 73 32 25 89 74 43 48 25 24 33 5 86 55 26 92 72 33 95 95 95 34 87 64 39 25 60 9 2 72 56 68 44 39 44 84 64 86 32 88 61 16 45 98 70 70 41 -1 93 54 36 39 1 21 25 64 11 49 75 19 2 46 26 22 42 64 65 77 79 3 8 67 63 75 63 13 44 32 53 88 85 40 27 37 
60 3 1 70 4 75 88 5 73 65 26 66 28 43 42 7 45 2 25 59 76 87 71 72 70 76 59 6 15 37 43 75 40 95 96 95 21 84 99 45 48 77 10 28 19 52 86 15 5 62 73 80 100 96 51 69 71 62 26 85 98 68 11 89 -1 62 7 83 35 42 34 79 41 62 89 68 80 92 5 46 96 66 18 27 17 65 78 37 35 39 63 72 88 30 82 29 44 40 63 30 
81 96 8 22 57 48 41 88 91 46 33 86 63 3 13 32 67 42 68 54 32 30 25 71 12 58 99 7 98 62 36 78 9 95 51 18 43 92 5 33 89 90 71 3 92 35 34 10 76 2 63 59 31 39 29 94 97 28 100 46 41 35 75 1 30 -1 26 18 24 69 75 56 57 64 78 59 7 12 93 16 39 94 31 97 76 69 78 70 17 57 69 62 97 56 89 49 37 14 19 60 
34 93 67 90 8 45 100 66 8 44 33 99 89 63 95 65 32 24 86 100 80 6 62 28 61 50 77 49 15 95 60 48 39 27 89 98 23 40 63 82 84 95 80 72 10 27 88 41 50 73 40 30 31 53 57 43 54 85 92 20 79 51 67 69 29 7 -1 66 3 47 80 37 82 75 16 5 84 94 93 76 44 17 67 25 47 72 33 90 25 18 33 45 48 35 63 17 16 22 34 18 
20 14 54 1 40 22 5 75 15 49 50 10 66 68 34 64 39 19 5 16 36 89 12 83 24 26 51 39 47 85 8 66 50 14 18 89 87 75 63 53 23 64 63 40 83 48 4 22 66 60 89 53 49 100 36 24 77 38 14 24 74 73 41 23 38 11 63 -1 24 85 77 77 7 40 91 47 23 90 2 96 8 13 36 60 13 87 47 36 63 85 1 38 58 74 79 33 11 89 95 87 
25 72 15 31 63 5 29 37 46 82 32 53 95 19 13 7 5 59 95 20 95 47 57 53 72 87 85 83 27 31 21 3 2 35 34 65 91 62 1 88 44 85 41 90 55 5 48 12 15 42 31 10 89 39 14 60 78 50 94 56 80 66 59 34 52 44 98 94 -1 57 50 82 100 86 74 41 41 78 89 52 44 30 34 5 70 72 70 82 1 19 27 9 51 93 67 84 96 10 33 90 
66 34 71 18 20 44 10 12 73 98 63 16 80 96 21 1 19 90 82 20 61 61 80 63 5 46 98 100 7 30 89 24 15 59 93 34 2 3 97 74 100 59 42 31 6 62 32 25 3 13 96 15 25 75 77 29 72 26 29 78 7 17 53 22 76 46 7 29 100 -1 4 55 51 62 96 82 20 9 13 44 63 77 91 78 54 17 6 82 88 32 10 17 38 27 69 11 54 66 18 34 
17 73 88 68 34 35 1 5 43 65 48 6 93 90 35 46 6 92 28 93 23 89 61 13 67 82 23 20 99 92 6 16 64 93 35 50 28 35 54 22 51 54 79 43 43 13 41 49 5 68 93 79 56 54 43 75 87 18 94 85 9 51 100 25 96 86 26 23 20 79 -1 96 22 84 75 65 27 87 5 27 43 24 71 74 31 76 16 5 62 85 51 47 94 1 98 70 96 84 95 70 
55 25 18 77 9 92 93 35 30 49 13 25 72 83 98 54 59 65 11 72 50 13 18 95 13 16 64 61 51 10 82 5 34 51 33 42 42 25 28 24 73 40 48 96 75 97 2 33 61 12 4 62 24 74 56 88 41 71 100 91 80 34 47 66 84 80 7 78 4 87 1 -1 29 26 100 24 100 96 25 84 8 88 40 70 11 13 77 51 5 100 50 95 79 35 41 96 19 72 3 48 
76 41 48 4 66 47 79 18 94 56 53 53 43 44 22 6 8 51 8 12 50 9 58 80 44 51 76 14 22 30 61 97 70 60 52 87 58 83 56 51 38 9 3 32 52 77 37 60 27 44 23 28 53 81 7 48 31 34 61 52 63 73 1 32 32 4 71 89 86 26 39 75 -1 86 93 7 90 21 95 1 47 91 23 26 95 3 33 42 33 66 54 37 81 26 37 64 57 92 34 45 
78 12 35 52 97 27 58 38 48 5 38 46 95 61 24 89 15 8 30 100 25 83 88 5 60 24 69 16 15 54 60 44 17 46 96 66 24 5 3 71 9 93 69 3 5 92 43 19 99 72 70 23 6 57 80 65 32 100 32 99 53 91 42 22 88 89 87 12 94 41 34 54 33 -1 2 9 37 45 51 56 95 75 77 18 32 34 49 97 65 48 28 63 52 71 57 73 58 45 11 21 
90 52 55 44 84 56 4 21 53 6 28 47 80 4 16 64 37 64 60 54 63 39 68 15 61 24 39 71 69 50 91 58 1 45 53 36 53 8 56 57 14 35 3 45 39 71 8 27 86 19 32 49 10 100 15 22 23 53 92 43 54 35 53 6 31 5 42 35 65 49 91 30 84 46 -1 74 74 16 34 52 53 4 36 1 13 35 15 35 9 20 78 52 25 64 56 31 95 12 72 29 
76 72 72 5 7 17 31 32 84 64 84 36 19 19 89 84 5 55 70 65 26 47 68 51 11 23 81 57 35 4 85 10 27 8 67 34 76 97 65 59 12 100 47 30 70 87 13 74 41 82 91 67 81 58 69 43 81 49 99 15 4 35 76 30 43 42 63 18 90 80 29 1 79 75 83 -1 1 61 95 26 53 29 16 71 9 74 39 51 6 87 49 20 42 35 47 72 77 41 86 95 
30 65 75 83 96 1 65 96 13 11 21 65 39 37 36 99 62 26 1 67 65 1 38 6 36 84 77 12 24 15 58 6 79 32 88 26 32 4 21 44 14 94 61 5 82 48 3 43 73 4 61 89 4 98 95 91 33 23 3 9 37 12 14 68 44 53 93 27 56 66 23 69 11 83 25 92 -1 82 80 86 6 35 46 95 38 43 89 81 27 11 83 35 100 94 48 67 89 100 11 68 
7 28 90 28 38 24 52 29 57 31 14 62 65 11 56 55 5 44 35 32 7 69 66 58 14 66 76 3 17 86 22 24 66 11 51 3 86 54 84 42 85 97 55 1 60 11 7 64 6 41 47 12 61 65 21 75 30 96 77 46 34 98 21 99 60 71 1 97 77 84 90 61 33 44 13 44 6 -1 20 59 12 12 6 75 73 70 96 47 51 43 75 48 76 24 69 26 35 91 79 83 
67 14 72 79 98 67 92 41 25 63 100 36 74 57 62 98 26 9 44 76 52 70 75 79 93 43 57 27 34 35 61 100 48 32 31 46 51 74 38 75 36 37 62 61 45 75 59 70 84 54 97 87 24 72 17 16 66 73 95 99 59 55 51 7 39 33 4 41 6 93 67 41 82 28 53 26 54 11 -1 48 37 65 44 75 88 67 92 55 33 64 49 83 23 56 85 81 94 17 36 34 
22 28 100 14 61 79 67 87 32 29 34 21 93 29 95 32 48 38 39 80 54 87 14 76 94 99 8 87 67 95 72 89 74 23 54 35 53 20 73 37 49 6 57 93 86 3 77 33 41 15 64 94 53 78 21 47 28 80 85 94 74 9 34 99 31 88 33 36 7 5 72 7 62 28 52 48 30 80 80 -1 22 94 44 15 98 73 35 96 52 66 81 45 39 89 79 90 71 66 22 6 
24 79 77 83 92 56 34 39 38 13 71 59 58 66 74 7 38 60 3 41 78 35 85 16 23 15 5 45 80 79 3 56 9 79 38 100 87 23 91 24 35 61 82 44 78 7 50 67 19 4 7 96 38 91 63 12 58 20 57 89 98 59 44 58 89 81 9 75 3 99 98 89 11 32 84 88 38 86 6 8 -1 89 12 3 79 55 66 90 12 85 98 100 34 8 96 43 97 76 51 23 
31 50 73 71 12 4 55 52 93 92 57 1 32 69 55 10 23 20 52 86 56 49 37 41 57 32 83 5 8 34 27 90 35 51 12 46 54 18 97 99 9 54 99 93 22 53 2 96 25 5 33 80 54 69 73 62 1 55 18 60 88 96 49 74 47 60 20 52 78 68 50 38 21 100 30 94 5 84 41 81 88 -1 73 12 93 42 84 6 42 39 23 1 78 19 1 52 65 12 71 68 
41 38 18 79 11 69 60 56 25 43 97 5 83 69 17 75 62 100 81 3 38 55 55 68 73 7 19 89 19 41 57 59 78 26 89 40 94 1 96 19 95 92 75 77 12 91 4 74 43 36 28 32 90 35 99 15 41 17 3 11 57 11 22 87 88 10 26 34 62 73 4 57 16 78 85 28 69 40 53 11 27 32 -1 94 17 66 93 83 59 61 37 69 18 48 90 56 35 52 33 68 
13 6 71 21 21 1 6 100 21 97 52 31 24 84 76 92 1 68 74 59 29 10 28 98 9 17 53 96 68 37 15 33 94 38 53 67 38 10 66 58 7 70 40 30 53 15 21 53 35 46 64 63 55 91 12 16 7 16 11 27 52 77 59 46 14 63 12 3 73 77 12 31 98 51 12 50 18 32 55 52 77 18 66 -1 83 60 77 50 18 92 12 44 43 89 54 40 54 69 51 57 
93 80 68 23 77 71 34 79 88 17 85 91 45 54 56 79 13 84 29 30 75 40 26 69 80 79 9 34 99 11 42 91 42 61 13 19 83 46 49 22 14 33 12 58 86 19 37 50 2 65 79 28 56 4 97 36 35 57 21 33 67 14 24 9 26 36 79 9 34 79 82 99 63 46 57 100 16 93 49 18 9 27 97 64 -1 83 45 51 17 1 23 1 20 88 24 80 66 12 58 26 
97 88 7 95 50 52 51 49 68 95 97 37 55 75 85 71 9 30 73 77 30 96 78 1 35 53 80 100 16 37 25 12 76 84 59 25 35 61 25 54 56 21 42 62 48 27 32 8 8 5 85 89 52 62 90 86 66 69 38 82 58 62 45 33 45 3 58 32 64 82 37 71 55 79 32 54 57 64 61 64 20 97 4 71 58 -1 93 56 76 62 45 57 19 7 1 3 3 4 12 34 
19 94 23 41 100 53 72 5 9 87 65 24 58 14 27 28 23 20 36 98 33 80 54 3 38 7 5 41 62 17 26 32 62 48 72 61 100 95 17 60 34 33 35 91 46 14 19 69 85 54 66 17 85 72 19 23 78 75 15 91 91 40 22 52 40 93 12 91 39 80 3 72 13 89 63 58 2 81 26 38 86 44 6 22 15 24 -1 44 44 99 58 34 41 50 7 93 89 51 56 31 
89 36 33 61 48 22 23 5 75 55 83 13 92 26 18 13 40 94 9 35 44 18 20 84 67 26 76 7 76 32 90 64 67 22 76 66 95 50 70 22 4 4 34 47 29 3 12 20 96 20 54 91 37 73 75 56 50 2 62 77 85 51 93 51 25 68 16 71 18 38 92 73 41 77 20 22 32 31 41 79 2 47 70 38 71 96 45 -1 73 49 7 49 34 9 41 84 85 9 52 8 
78 41 51 2 33 80 73 6 11 55 47 89 56 45 10 46 67 57 90 39 6 48 88 39 9 28 74 45 88 77 52 17 17 3 19 2 34 91 7 44 46 5 84 1 49 46 98 16 2 88 6 7 87 93 45 95 73 19 40 12 95 43 29 64 97 47 65 30 37 71 25 82 28 9 35 76 54 32 43 55 71 1 14 58 93 10 4 17 -1 80 95 29 27 38 57 90 34 55 6 16 
91 28 40 25 55 48 11 83 53 94 77 60 17 77 73 74 22 82 29 38 62 24 18 40 61 26 29 46 32 86 61 75 13 1 99 20 100 61 2 53 6 78 12 22 7 36 47 28 69 76 17 82 51 87 21 63 64 1 8 96 86 21 70 99 21 20 70 72 80 71 24 37 100 87 59 6 74 57 85 43 32 54 24 34 40 97 96 3 97 -1 4 50 83 24 19 33 96 38 2 67 
69 24 43 6 23 29 16 81 3 72 17 97 56 70 20 89 61 68 85 16 65 40 65 47 63 84 31 10 73 32 28 42 55 70 47 29 99 62 61 53 33 78 49 40 47 20 29 60 88 13 75 52 4 91 50 18 74 32 27 47 15 54 40 69 24 86 49 74 99 10 78 83 39 26 23 85 97 51 96 84 15 70 87 18 61 88 87 86 19 13 -1 84 33 18 23 53 93 8 54 66 
58 15 43 41 53 20 63 37 17 65 85 52 31 54 91 100 66 30 86 4 49 50 87 33 67 10 38 60 69 91 25 79 57 20 19 9 91 33 97 7 49 81 11 79 87 1 30 52 30 15 55 30 64 94 15 30 55 4 41 23 46 18 1 2 37 71 10 79 3 6 38 3 87 48 81 73 100 10 76 81 76 83 63 39 28 77 21 82 32 61 56 -1 77 78 9 78 66 79 39 45 
34 44 82 36 82 81 69 6 80 30 82 12 6 16 74 44 43 2 16 24 33 29 79 9 6 39 38 24 18 76 20 3 72 1 90 53 33 58 59 64 88 92 75 93 7 49 88 1 2 56 24 35 84 54 95 41 93 33 64 62 60 83 16 31 35 5 36 19 63 46 82 2 37 57 46 95 57 85 47 58 40 22 44 75 75 39 16 19 23 31 32 34 -1 66 47 65 52 52 52 71 
66 97 4 67 85 12 64 31 68 100 77 78 40 50 73 66 24 11 33 95 85 64 26 19 29 73 35 32 24 38 54 41 34 58 59 70 69 22 52 89 21 80 18 12 29 90 78 4 53 10 98 37 25 76 7 5 48 41 37 23 78 90 15 63 47 73 84 68 94 87 56 66 66 73 78 46 62 7 50 14 16 99 3 93 26 9 97 25 2 33 47 79 75 -1 61 94 73 33 29 40 
78 16 95 44 81 19 21 79 33 79 28 46 46 78 100 38 4 9 35 28 10 19 27 40 45 39 85 18 24 14 57 53 29 4 96 61 22 68 39 54 46 18 52 92 48 51 81 3 11 15 82 20 86 8 12 30 99 96 99 22 61 56 74 89 11 22 2 32 41 92 38 87 62 89 30 61 91 10 63 2 77 44 73 14 4 84 95 2 32 94 75 92 1 100 -1 33 11 21 86 42 
62 77 31 100 90 71 29 50 62 90 12 15 18 56 39 31 11 23 26 12 6 71 86 97 71 37 81 81 58 66 74 71 95 5 22 84 75 2 34 88 91 45 54 9 52 93 91 62 67 68 25 72 38 62 20 8 99 1 88 8 18 14 78 12 18 51 48 44 52 81 84 42 77 37 2 81 29 45 94 47 12 19 18 50 80 90 9 78 42 49 85 59 62 14 23 -1 79 64 70 74 
15 2 57 9 30 46 62 10 26 6 4 73 70 74 90 71 53 31 79 83 72 27 67 83 40 33 5 18 48 26 44 63 27 100 23 8 97 84 18 23 42 73 95 11 46 36 33 98 67 11 80 90 90 99 72 29 83 76 99 30 53 94 44 31 45 66 39 42 2 56 64 43 28 10 5 73 97 37 22 63 99 54 53 40 4 24 21 86 52 71 15 4 64 11 35 8 -1 76 25 49 
29 80 64 23 59 73 27 83 70 15 4 84 66 9 88 5 12 64 77 97 67 47 64 70 10 74 56 70 1 80 70 30 11 34 52 69 58 31 3 79 97 7 15 62 15 2 19 79 17 95 75 83 94 90 5 55 15 12 24 16 92 94 97 54 27 100 75 36 30 77 15 27 35 29 40 2 82 10 80 99 57 6 81 50 96 37 4 62 49 28 77 92 21 25 45 99 25 -1 71 34 
6 48 100 84 34 80 24 35 62 85 66 60 41 72 92 90 19 81 94 80 29 73 57 20 45 33 16 95 57 87 80 63 86 80 98 19 59 21 6 72 6 71 83 98 42 75 88 60 55 33 92 35 57 48 6 1 32 21 47 89 59 26 3 96 57 100 67 16 73 72 39 30 94 22 27 36 96 66 47 2 50 38 88 6 37 93 58 21 65 4 9 76 82 63 71 38 14 37 -1 5 
86 60 44 67 54 65 46 41 12 11 39 65 61 29 52 18 17 96 76 37 60 31 97 35 12 59 58 50 73 94 54 10 54 49 29 7 13 74 99 76 84 37 40 96 65 43 14 82 38 41 18 50 71 15 36 35 73 93 36 97 39 89 59 92 90 87 50 2 60 48 78 95 84 69 43 49 12 56 82 1 48 99 50 70 13 86 4 38 30 39 86 68 80 96 59 21 82 60 22 -1 
